The value of m is: 38
The value of p is: 3
The side lengths of 2 * 2 tiles are: {1, 2, 3, 4, 5, 6, 7, 8, 19}
The value of arr is: {24, 16, 4, 2, 3, 29, 13, 1}
The column indices of 1 * 2 tiles are: {3i+5, 3i+14} for 0<=i<=m-1.
305 267 115 153 77 324 115 77 153 267 75 223 75 229 324 297 39 223 39 305 229 38 38 297 1 1 186 389 149 191 260 186 149 112 396 191 112 260 
192 113 261 306 268 116 154 78 325 116 78 154 268 76 224 76 230 325 298 40 224 40 306 230 1 1 298 2 2 187 392 150 192 261 187 150 113 399 
151 114 364 193 114 262 307 269 117 155 79 326 117 79 155 269 39 225 39 231 326 299 41 225 41 307 231 2 2 299 3 3 188 395 151 193 262 188 
194 263 189 152 77 367 194 77 263 308 270 118 156 80 327 118 80 156 270 40 226 40 232 327 300 42 226 42 308 232 3 3 300 4 4 189 398 152 
190 363 115 195 264 190 115 78 370 195 78 264 309 271 119 157 81 328 119 81 157 271 41 227 41 233 328 301 43 227 43 309 233 4 4 301 5 5 
302 6 6 153 366 116 196 265 153 116 79 373 196 79 265 310 272 120 158 82 329 120 82 158 272 42 228 42 234 329 302 44 228 44 310 234 5 5 
235 6 6 303 7 7 154 369 117 197 266 154 117 80 376 197 80 266 311 273 121 159 83 330 121 83 159 273 43 191 43 235 330 303 45 191 45 311 
192 46 312 236 7 7 304 8 8 155 372 118 198 229 155 118 81 379 198 81 229 312 274 122 160 84 331 122 84 160 274 44 192 44 236 331 304 46 
332 267 47 193 47 313 237 8 8 267 9 9 156 375 119 199 230 156 119 82 382 199 82 230 313 275 123 161 85 332 123 85 161 275 45 193 45 237 
194 46 238 333 268 48 194 48 314 238 9 9 268 10 10 157 378 120 200 231 157 120 83 385 200 83 231 314 276 124 162 86 333 124 86 162 276 46 
163 277 47 195 47 239 334 269 49 195 49 315 239 10 10 269 11 11 158 381 121 201 232 158 121 84 388 201 84 232 315 277 125 163 87 334 125 87 
335 126 88 164 278 48 196 48 240 335 270 50 196 50 316 240 11 11 270 12 12 159 384 122 202 233 159 122 85 391 202 85 233 316 278 126 164 88 
127 165 89 336 127 89 165 279 49 197 49 241 336 271 51 197 51 317 241 12 12 271 13 13 160 387 123 203 234 160 123 86 394 203 86 234 317 279 
235 318 280 128 166 90 337 128 90 166 280 50 198 50 242 337 272 52 198 52 318 242 13 13 272 14 14 161 390 124 204 235 161 124 87 397 204 87 
362 205 88 236 319 281 129 167 91 338 129 91 167 281 51 199 51 243 338 273 53 199 53 319 243 14 14 273 15 15 162 393 125 205 236 162 125 88 
163 126 89 365 206 89 237 320 282 130 168 92 339 130 92 168 282 52 200 52 244 339 274 54 200 54 320 244 15 15 274 16 16 163 396 126 206 237 
127 207 238 164 127 90 368 207 90 238 321 283 131 169 93 340 131 93 169 283 53 201 53 245 340 275 55 201 55 321 245 16 16 275 17 17 164 399 
18 165 364 128 208 239 165 128 91 371 208 91 239 322 284 132 170 94 341 132 94 170 284 54 202 54 246 341 276 56 202 56 322 246 17 17 276 18 
18 277 19 19 166 367 129 209 240 166 129 92 374 209 92 240 323 285 133 171 95 342 133 95 171 285 55 203 55 247 342 277 57 203 57 323 247 18 
305 248 19 19 278 20 20 167 370 130 210 241 167 130 93 377 210 93 241 305 286 134 172 96 343 134 96 172 286 56 204 56 248 343 278 58 204 58 
59 205 59 306 249 20 20 279 21 21 168 373 131 211 242 168 131 94 380 211 94 242 306 287 135 173 97 344 135 97 173 287 57 205 57 249 344 279 
250 345 280 60 206 60 307 250 21 21 280 22 22 169 376 132 212 243 169 132 95 383 212 95 243 307 288 136 174 98 345 136 98 174 288 58 206 58 
59 207 59 251 346 281 61 207 61 308 251 22 22 281 23 23 170 379 133 213 244 170 133 96 386 213 96 244 308 289 137 175 99 346 137 99 175 289 
100 176 290 60 208 60 252 347 282 62 208 62 309 252 23 23 282 24 24 171 382 134 214 245 171 134 97 389 214 97 245 309 290 138 176 100 347 138 
101 348 139 101 177 291 61 209 61 253 348 283 63 209 63 310 253 24 24 283 25 25 172 385 135 215 246 172 135 98 392 215 98 246 310 291 139 177 
292 140 178 102 349 140 102 178 292 62 210 62 254 349 284 64 210 64 311 254 25 25 284 26 26 173 388 136 216 247 173 136 99 395 216 99 247 311 
100 248 312 293 141 179 103 350 141 103 179 293 63 211 63 255 350 285 65 211 65 312 255 26 26 285 27 27 174 391 137 217 248 174 137 100 398 217 
101 363 218 101 249 313 294 142 180 104 351 142 104 180 294 64 212 64 256 351 286 66 212 66 313 256 27 27 286 28 28 175 394 138 218 249 175 138 
250 176 139 102 366 219 102 250 314 295 143 181 105 352 143 105 181 295 65 213 65 257 352 287 67 213 67 314 257 28 28 287 29 29 176 397 139 219 
362 140 220 251 177 140 103 369 220 103 251 315 296 144 182 106 353 144 106 182 296 66 214 66 258 353 288 68 214 68 315 258 29 29 288 30 30 177 
31 31 178 365 141 221 252 178 141 104 372 221 104 252 316 297 145 183 107 354 145 107 183 297 67 215 67 259 354 289 69 215 69 316 259 30 30 289 
31 31 290 32 32 179 368 142 222 253 179 142 105 375 222 105 253 317 298 146 184 108 355 146 108 184 298 68 216 68 260 355 290 70 216 70 317 260 
71 318 261 32 32 291 33 33 180 371 143 223 254 180 143 106 378 223 106 254 318 299 147 185 109 356 147 109 185 299 69 217 69 261 356 291 71 217 
292 72 218 72 319 262 33 33 292 34 34 181 374 144 224 255 181 144 107 381 224 107 255 319 300 148 186 110 357 148 110 186 300 70 218 70 262 357 
71 263 358 293 73 219 73 320 263 34 34 293 35 35 182 377 145 225 256 182 145 108 384 225 108 256 320 301 149 187 111 358 149 111 187 301 71 219 
302 72 220 72 264 359 294 74 220 74 321 264 35 35 294 36 36 183 380 146 226 257 183 146 109 387 226 109 257 321 302 150 188 112 359 150 112 188 
151 113 189 303 73 221 73 265 360 295 75 221 75 322 265 36 36 295 37 37 184 383 147 227 258 184 147 110 390 227 110 258 322 303 151 189 113 360 
190 114 361 152 114 190 304 74 222 74 266 361 296 76 222 76 323 266 37 37 296 38 38 185 386 148 228 259 185 148 111 393 228 111 259 323 304 152 

The value of m is: 38
The value of p is: 3
The side lengths of 2 * 2 tiles are: {1, 2, 3, 4, 5, 6, 7, 8, 19}
The value of arr is: {24, 16, 4, 2, 3, 29, 13, 1}
The column indices of 1 * 2 tiles are: {3i+5, 3i+34} for 0<=i<=m-1.
305 267 115 153 77 324 115 77 153 267 75 223 75 229 376 297 39 223 39 305 229 38 38 297 1 1 186 389 149 191 260 186 149 112 324 191 112 260 
192 113 261 306 268 116 154 78 325 116 78 154 268 76 224 76 230 379 298 40 224 40 306 230 1 1 298 2 2 187 392 150 192 261 187 150 113 325 
151 114 326 193 114 262 307 269 117 155 79 326 117 79 155 269 39 225 39 231 382 299 41 225 41 307 231 2 2 299 3 3 188 395 151 193 262 188 
194 263 189 152 77 327 194 77 263 308 270 118 156 80 327 118 80 156 270 40 226 40 232 385 300 42 226 42 308 232 3 3 300 4 4 189 398 152 
190 363 115 195 264 190 115 78 328 195 78 264 309 271 119 157 81 328 119 81 157 271 41 227 41 233 388 301 43 227 43 309 233 4 4 301 5 5 
302 6 6 153 366 116 196 265 153 116 79 329 196 79 265 310 272 120 158 82 329 120 82 158 272 42 228 42 234 391 302 44 228 44 310 234 5 5 
235 6 6 303 7 7 154 369 117 197 266 154 117 80 330 197 80 266 311 273 121 159 83 330 121 83 159 273 43 191 43 235 394 303 45 191 45 311 
192 46 312 236 7 7 304 8 8 155 372 118 198 229 155 118 81 331 198 81 229 312 274 122 160 84 331 122 84 160 274 44 192 44 236 397 304 46 
362 267 47 193 47 313 237 8 8 267 9 9 156 375 119 199 230 156 119 82 332 199 82 230 313 275 123 161 85 332 123 85 161 275 45 193 45 237 
194 46 238 365 268 48 194 48 314 238 9 9 268 10 10 157 378 120 200 231 157 120 83 333 200 83 231 314 276 124 162 86 333 124 86 162 276 46 
163 277 47 195 47 239 368 269 49 195 49 315 239 10 10 269 11 11 158 381 121 201 232 158 121 84 334 201 84 232 315 277 125 163 87 334 125 87 
335 126 88 164 278 48 196 48 240 371 270 50 196 50 316 240 11 11 270 12 12 159 384 122 202 233 159 122 85 335 202 85 233 316 278 126 164 88 
127 165 89 336 127 89 165 279 49 197 49 241 374 271 51 197 51 317 241 12 12 271 13 13 160 387 123 203 234 160 123 86 336 203 86 234 317 279 
235 318 280 128 166 90 337 128 90 166 280 50 198 50 242 377 272 52 198 52 318 242 13 13 272 14 14 161 390 124 204 235 161 124 87 337 204 87 
338 205 88 236 319 281 129 167 91 338 129 91 167 281 51 199 51 243 380 273 53 199 53 319 243 14 14 273 15 15 162 393 125 205 236 162 125 88 
163 126 89 339 206 89 237 320 282 130 168 92 339 130 92 168 282 52 200 52 244 383 274 54 200 54 320 244 15 15 274 16 16 163 396 126 206 237 
127 207 238 164 127 90 340 207 90 238 321 283 131 169 93 340 131 93 169 283 53 201 53 245 386 275 55 201 55 321 245 16 16 275 17 17 164 399 
18 165 364 128 208 239 165 128 91 341 208 91 239 322 284 132 170 94 341 132 94 170 284 54 202 54 246 389 276 56 202 56 322 246 17 17 276 18 
18 277 19 19 166 367 129 209 240 166 129 92 342 209 92 240 323 285 133 171 95 342 133 95 171 285 55 203 55 247 392 277 57 203 57 323 247 18 
305 248 19 19 278 20 20 167 370 130 210 241 167 130 93 343 210 93 241 305 286 134 172 96 343 134 96 172 286 56 204 56 248 395 278 58 204 58 
59 205 59 306 249 20 20 279 21 21 168 373 131 211 242 168 131 94 344 211 94 242 306 287 135 173 97 344 135 97 173 287 57 205 57 249 398 279 
250 363 280 60 206 60 307 250 21 21 280 22 22 169 376 132 212 243 169 132 95 345 212 95 243 307 288 136 174 98 345 136 98 174 288 58 206 58 
59 207 59 251 366 281 61 207 61 308 251 22 22 281 23 23 170 379 133 213 244 170 133 96 346 213 96 244 308 289 137 175 99 346 137 99 175 289 
100 176 290 60 208 60 252 369 282 62 208 62 309 252 23 23 282 24 24 171 382 134 214 245 171 134 97 347 214 97 245 309 290 138 176 100 347 138 
101 348 139 101 177 291 61 209 61 253 372 283 63 209 63 310 253 24 24 283 25 25 172 385 135 215 246 172 135 98 348 215 98 246 310 291 139 177 
292 140 178 102 349 140 102 178 292 62 210 62 254 375 284 64 210 64 311 254 25 25 284 26 26 173 388 136 216 247 173 136 99 349 216 99 247 311 
100 248 312 293 141 179 103 350 141 103 179 293 63 211 63 255 378 285 65 211 65 312 255 26 26 285 27 27 174 391 137 217 248 174 137 100 350 217 
101 351 218 101 249 313 294 142 180 104 351 142 104 180 294 64 212 64 256 381 286 66 212 66 313 256 27 27 286 28 28 175 394 138 218 249 175 138 
250 176 139 102 352 219 102 250 314 295 143 181 105 352 143 105 181 295 65 213 65 257 384 287 67 213 67 314 257 28 28 287 29 29 176 397 139 219 
362 140 220 251 177 140 103 353 220 103 251 315 296 144 182 106 353 144 106 182 296 66 214 66 258 387 288 68 214 68 315 258 29 29 288 30 30 177 
31 31 178 365 141 221 252 178 141 104 354 221 104 252 316 297 145 183 107 354 145 107 183 297 67 215 67 259 390 289 69 215 69 316 259 30 30 289 
31 31 290 32 32 179 368 142 222 253 179 142 105 355 222 105 253 317 298 146 184 108 355 146 108 184 298 68 216 68 260 393 290 70 216 70 317 260 
71 318 261 32 32 291 33 33 180 371 143 223 254 180 143 106 356 223 106 254 318 299 147 185 109 356 147 109 185 299 69 217 69 261 396 291 71 217 
292 72 218 72 319 262 33 33 292 34 34 181 374 144 224 255 181 144 107 357 224 107 255 319 300 148 186 110 357 148 110 186 300 70 218 70 262 399 
71 263 364 293 73 219 73 320 263 34 34 293 35 35 182 377 145 225 256 182 145 108 358 225 108 256 320 301 149 187 111 358 149 111 187 301 71 219 
302 72 220 72 264 367 294 74 220 74 321 264 35 35 294 36 36 183 380 146 226 257 183 146 109 359 226 109 257 321 302 150 188 112 359 150 112 188 
151 113 189 303 73 221 73 265 370 295 75 221 75 322 265 36 36 295 37 37 184 383 147 227 258 184 147 110 360 227 110 258 322 303 151 189 113 360 
190 114 361 152 114 190 304 74 222 74 266 373 296 76 222 76 323 266 37 37 296 38 38 185 386 148 228 259 185 148 111 361 228 111 259 323 304 152 

The value of m is: 38
The value of p is: 3
The side lengths of 2 * 2 tiles are: {1, 2, 3, 4, 5, 6, 7, 8, 19}
The value of arr is: {24, 16, 4, 2, 3, 29, 13, 1}
The column indices of 1 * 2 tiles are: {3i+14, 3i+34} for 0<=i<=m-1.
305 267 115 153 77 367 115 77 153 267 75 223 75 229 324 297 39 223 39 305 229 38 38 297 1 1 186 389 149 191 260 186 149 112 324 191 112 260 
192 113 261 306 268 116 154 78 370 116 78 154 268 76 224 76 230 325 298 40 224 40 306 230 1 1 298 2 2 187 392 150 192 261 187 150 113 325 
151 114 326 193 114 262 307 269 117 155 79 373 117 79 155 269 39 225 39 231 326 299 41 225 41 307 231 2 2 299 3 3 188 395 151 193 262 188 
194 263 189 152 77 327 194 77 263 308 270 118 156 80 376 118 80 156 270 40 226 40 232 327 300 42 226 42 308 232 3 3 300 4 4 189 398 152 
190 363 115 195 264 190 115 78 328 195 78 264 309 271 119 157 81 379 119 81 157 271 41 227 41 233 328 301 43 227 43 309 233 4 4 301 5 5 
302 6 6 153 366 116 196 265 153 116 79 329 196 79 265 310 272 120 158 82 382 120 82 158 272 42 228 42 234 329 302 44 228 44 310 234 5 5 
235 6 6 303 7 7 154 369 117 197 266 154 117 80 330 197 80 266 311 273 121 159 83 385 121 83 159 273 43 191 43 235 330 303 45 191 45 311 
192 46 312 236 7 7 304 8 8 155 372 118 198 229 155 118 81 331 198 81 229 312 274 122 160 84 388 122 84 160 274 44 192 44 236 331 304 46 
332 267 47 193 47 313 237 8 8 267 9 9 156 375 119 199 230 156 119 82 332 199 82 230 313 275 123 161 85 391 123 85 161 275 45 193 45 237 
194 46 238 333 268 48 194 48 314 238 9 9 268 10 10 157 378 120 200 231 157 120 83 333 200 83 231 314 276 124 162 86 394 124 86 162 276 46 
163 277 47 195 47 239 334 269 49 195 49 315 239 10 10 269 11 11 158 381 121 201 232 158 121 84 334 201 84 232 315 277 125 163 87 397 125 87 
362 126 88 164 278 48 196 48 240 335 270 50 196 50 316 240 11 11 270 12 12 159 384 122 202 233 159 122 85 335 202 85 233 316 278 126 164 88 
127 165 89 365 127 89 165 279 49 197 49 241 336 271 51 197 51 317 241 12 12 271 13 13 160 387 123 203 234 160 123 86 336 203 86 234 317 279 
235 318 280 128 166 90 368 128 90 166 280 50 198 50 242 337 272 52 198 52 318 242 13 13 272 14 14 161 390 124 204 235 161 124 87 337 204 87 
338 205 88 236 319 281 129 167 91 371 129 91 167 281 51 199 51 243 338 273 53 199 53 319 243 14 14 273 15 15 162 393 125 205 236 162 125 88 
163 126 89 339 206 89 237 320 282 130 168 92 374 130 92 168 282 52 200 52 244 339 274 54 200 54 320 244 15 15 274 16 16 163 396 126 206 237 
127 207 238 164 127 90 340 207 90 238 321 283 131 169 93 377 131 93 169 283 53 201 53 245 340 275 55 201 55 321 245 16 16 275 17 17 164 399 
18 165 364 128 208 239 165 128 91 341 208 91 239 322 284 132 170 94 380 132 94 170 284 54 202 54 246 341 276 56 202 56 322 246 17 17 276 18 
18 277 19 19 166 367 129 209 240 166 129 92 342 209 92 240 323 285 133 171 95 383 133 95 171 285 55 203 55 247 342 277 57 203 57 323 247 18 
305 248 19 19 278 20 20 167 370 130 210 241 167 130 93 343 210 93 241 305 286 134 172 96 386 134 96 172 286 56 204 56 248 343 278 58 204 58 
59 205 59 306 249 20 20 279 21 21 168 373 131 211 242 168 131 94 344 211 94 242 306 287 135 173 97 389 135 97 173 287 57 205 57 249 344 279 
250 345 280 60 206 60 307 250 21 21 280 22 22 169 376 132 212 243 169 132 95 345 212 95 243 307 288 136 174 98 392 136 98 174 288 58 206 58 
59 207 59 251 346 281 61 207 61 308 251 22 22 281 23 23 170 379 133 213 244 170 133 96 346 213 96 244 308 289 137 175 99 395 137 99 175 289 
100 176 290 60 208 60 252 347 282 62 208 62 309 252 23 23 282 24 24 171 382 134 214 245 171 134 97 347 214 97 245 309 290 138 176 100 398 138 
101 363 139 101 177 291 61 209 61 253 348 283 63 209 63 310 253 24 24 283 25 25 172 385 135 215 246 172 135 98 348 215 98 246 310 291 139 177 
292 140 178 102 366 140 102 178 292 62 210 62 254 349 284 64 210 64 311 254 25 25 284 26 26 173 388 136 216 247 173 136 99 349 216 99 247 311 
100 248 312 293 141 179 103 369 141 103 179 293 63 211 63 255 350 285 65 211 65 312 255 26 26 285 27 27 174 391 137 217 248 174 137 100 350 217 
101 351 218 101 249 313 294 142 180 104 372 142 104 180 294 64 212 64 256 351 286 66 212 66 313 256 27 27 286 28 28 175 394 138 218 249 175 138 
250 176 139 102 352 219 102 250 314 295 143 181 105 375 143 105 181 295 65 213 65 257 352 287 67 213 67 314 257 28 28 287 29 29 176 397 139 219 
362 140 220 251 177 140 103 353 220 103 251 315 296 144 182 106 378 144 106 182 296 66 214 66 258 353 288 68 214 68 315 258 29 29 288 30 30 177 
31 31 178 365 141 221 252 178 141 104 354 221 104 252 316 297 145 183 107 381 145 107 183 297 67 215 67 259 354 289 69 215 69 316 259 30 30 289 
31 31 290 32 32 179 368 142 222 253 179 142 105 355 222 105 253 317 298 146 184 108 384 146 108 184 298 68 216 68 260 355 290 70 216 70 317 260 
71 318 261 32 32 291 33 33 180 371 143 223 254 180 143 106 356 223 106 254 318 299 147 185 109 387 147 109 185 299 69 217 69 261 356 291 71 217 
292 72 218 72 319 262 33 33 292 34 34 181 374 144 224 255 181 144 107 357 224 107 255 319 300 148 186 110 390 148 110 186 300 70 218 70 262 357 
71 263 358 293 73 219 73 320 263 34 34 293 35 35 182 377 145 225 256 182 145 108 358 225 108 256 320 301 149 187 111 393 149 111 187 301 71 219 
302 72 220 72 264 359 294 74 220 74 321 264 35 35 294 36 36 183 380 146 226 257 183 146 109 359 226 109 257 321 302 150 188 112 396 150 112 188 
151 113 189 303 73 221 73 265 360 295 75 221 75 322 265 36 36 295 37 37 184 383 147 227 258 184 147 110 360 227 110 258 322 303 151 189 113 399 
190 114 364 152 114 190 304 74 222 74 266 361 296 76 222 76 323 266 37 37 296 38 38 185 386 148 228 259 185 148 111 361 228 111 259 323 304 152 

The value of m is: 38
The value of p is: 3
The side lengths of 2 * 2 tiles are: {1, 2, 3, 4, 5, 6, 7, 8, 19}
The value of arr is: {36, 15, 3, 26, 23, 1, 5, 2}
The column indices of 1 * 2 tiles are: {3i+4, 3i+25} for 0<=i<=m-1.
305 191 267 77 324 229 77 191 186 75 267 75 229 186 149 39 297 39 149 305 382 223 260 153 297 324 115 223 153 260 115 393 112 38 38 112 1 1 
113 2 2 306 192 268 78 325 230 78 192 187 76 268 76 230 187 150 40 298 40 150 306 385 224 261 154 298 325 116 224 154 261 116 396 113 1 1 
114 2 2 114 3 3 307 193 269 79 326 231 79 193 188 39 269 39 231 188 151 41 299 41 151 307 388 225 262 155 299 326 117 225 155 262 117 399 
263 118 364 77 3 3 77 4 4 308 194 270 80 327 232 80 194 189 40 270 40 232 189 152 42 300 42 152 308 391 226 263 156 300 327 118 226 156 
119 227 157 264 119 367 78 4 4 78 5 5 309 195 271 81 328 233 81 195 190 41 271 41 233 190 115 43 301 43 115 309 394 227 264 157 301 328 
158 302 329 120 228 158 265 120 370 79 5 5 79 6 6 310 196 272 82 329 234 82 196 153 42 272 42 234 153 116 44 302 44 116 310 397 228 265 
362 191 266 159 303 330 121 191 159 266 121 373 80 6 6 80 7 7 311 197 273 83 330 235 83 197 154 43 273 43 235 154 117 45 303 45 117 311 
46 118 312 365 192 229 160 304 331 122 192 160 229 122 376 81 7 7 81 8 8 312 198 274 84 331 236 84 198 155 44 274 44 236 155 118 46 304 
119 47 267 47 119 313 368 193 230 161 267 332 123 193 161 230 123 379 82 8 8 82 9 9 313 199 275 85 332 237 85 199 156 45 275 45 237 156 
46 238 157 120 48 268 48 120 314 371 194 231 162 268 333 124 194 162 231 124 382 83 9 9 83 10 10 314 200 276 86 333 238 86 200 157 46 276 
158 47 277 47 239 158 121 49 269 49 121 315 374 195 232 163 269 334 125 195 163 232 125 385 84 10 10 84 11 11 315 201 277 87 334 239 87 201 
240 88 202 159 48 278 48 240 159 122 50 270 50 122 316 377 196 233 164 270 335 126 196 164 233 126 388 85 11 11 85 12 12 316 202 278 88 335 
279 89 336 241 89 203 160 49 279 49 241 160 123 51 271 51 123 317 380 197 234 165 271 336 127 197 165 234 127 391 86 12 12 86 13 13 317 203 
14 318 204 280 90 337 242 90 204 161 50 280 50 242 161 124 52 272 52 124 318 383 198 235 166 272 337 128 198 166 235 128 394 87 13 13 87 14 
14 88 15 15 319 205 281 91 338 243 91 205 162 51 281 51 243 162 125 53 273 53 125 319 386 199 236 167 273 338 129 199 167 236 129 397 88 14 
362 89 15 15 89 16 16 320 206 282 92 339 244 92 206 163 52 282 52 244 163 126 54 274 54 126 320 389 200 237 168 274 339 130 200 168 237 130 
169 238 131 365 90 16 16 90 17 17 321 207 283 93 340 245 93 207 164 53 283 53 245 164 127 55 275 55 127 321 392 201 238 169 275 340 131 201 
341 132 202 170 239 132 368 91 17 17 91 18 18 322 208 284 94 341 246 94 208 165 54 284 54 246 165 128 56 276 56 128 322 395 202 239 170 276 
240 171 277 342 133 203 171 240 133 371 92 18 18 92 19 19 323 209 285 95 342 247 95 209 166 55 285 55 247 166 129 57 277 57 129 323 398 203 
305 363 204 241 172 278 343 134 204 172 241 134 374 93 19 19 93 20 20 305 210 286 96 343 248 96 210 167 56 286 56 248 167 130 58 278 58 130 
279 59 131 306 366 205 242 173 279 344 135 205 173 242 135 377 94 20 20 94 21 21 306 211 287 97 344 249 97 211 168 57 287 57 249 168 131 59 
169 132 60 280 60 132 307 369 206 243 174 280 345 136 206 174 243 136 380 95 21 21 95 22 22 307 212 288 98 345 250 98 212 169 58 288 58 250 
289 59 251 170 133 61 281 61 133 308 372 207 244 175 281 346 137 207 175 244 137 383 96 22 22 96 23 23 308 213 289 99 346 251 99 213 170 59 
214 171 60 290 60 252 171 134 62 282 62 134 309 375 208 245 176 282 347 138 208 176 245 138 386 97 23 23 97 24 24 309 214 290 100 347 252 100 
348 253 101 215 172 61 291 61 253 172 135 63 283 63 135 310 378 209 246 177 283 348 139 209 177 246 139 389 98 24 24 98 25 25 310 215 291 101 
216 292 102 349 254 102 216 173 62 292 62 254 173 136 64 284 64 136 311 381 210 247 178 284 349 140 210 178 247 140 392 99 25 25 99 26 26 311 
27 27 312 217 293 103 350 255 103 217 174 63 293 63 255 174 137 65 285 65 137 312 384 211 248 179 285 350 141 211 179 248 141 395 100 26 26 100 
27 27 101 28 28 313 218 294 104 351 256 104 218 175 64 294 64 256 175 138 66 286 66 138 313 387 212 249 180 286 351 142 212 180 249 142 398 101 
143 363 102 28 28 102 29 29 314 219 295 105 352 257 105 219 176 65 295 65 257 176 139 67 287 67 139 314 390 213 250 181 287 352 143 213 181 250 
214 182 251 144 366 103 29 29 103 30 30 315 220 296 106 353 258 106 220 177 66 296 66 258 177 140 68 288 68 140 315 393 214 251 182 288 353 144 
289 354 145 215 183 252 145 369 104 30 30 104 31 31 316 221 297 107 354 259 107 221 178 67 297 67 259 178 141 69 289 69 141 316 396 215 252 183 
216 253 184 290 355 146 216 184 253 146 372 105 31 31 105 32 32 317 222 298 108 355 260 108 222 179 68 298 68 260 179 142 70 290 70 142 317 399 
143 318 364 217 254 185 291 356 147 217 185 254 147 375 106 32 32 106 33 33 318 223 299 109 356 261 109 223 180 69 299 69 261 180 143 71 291 71 
72 292 72 144 319 367 218 255 186 292 357 148 218 186 255 148 378 107 33 33 107 34 34 319 224 300 110 357 262 110 224 181 70 300 70 262 181 144 
263 182 145 73 293 73 145 320 370 219 256 187 293 358 149 219 187 256 149 381 108 34 34 108 35 35 320 225 301 111 358 263 111 225 182 71 301 71 
72 302 72 264 183 146 74 294 74 146 321 373 220 257 188 294 359 150 220 188 257 150 384 109 35 35 109 36 36 321 226 302 112 359 264 112 226 183 
113 227 184 73 303 73 265 184 147 75 295 75 147 322 376 221 258 189 295 360 151 221 189 258 151 387 110 36 36 110 37 37 322 227 303 113 360 265 
114 361 266 114 228 185 74 304 74 266 185 148 76 296 76 148 323 379 222 259 190 296 361 152 222 190 259 152 390 111 37 37 111 38 38 323 228 304 

The value of m is: 38
The value of p is: 3
The side lengths of 2 * 2 tiles are: {1, 2, 3, 4, 5, 6, 7, 8, 19}
The value of arr is: {36, 15, 3, 26, 23, 1, 5, 2}
The column indices of 1 * 2 tiles are: {3i+4, 3i+31} for 0<=i<=m-1.
305 191 267 77 324 229 77 191 186 75 267 75 229 186 149 39 297 39 149 305 382 223 260 153 297 387 115 223 153 260 115 324 112 38 38 112 1 1 
113 2 2 306 192 268 78 325 230 78 192 187 76 268 76 230 187 150 40 298 40 150 306 385 224 261 154 298 390 116 224 154 261 116 325 113 1 1 
114 2 2 114 3 3 307 193 269 79 326 231 79 193 188 39 269 39 231 188 151 41 299 41 151 307 388 225 262 155 299 393 117 225 155 262 117 326 
263 118 327 77 3 3 77 4 4 308 194 270 80 327 232 80 194 189 40 270 40 232 189 152 42 300 42 152 308 391 226 263 156 300 396 118 226 156 
119 227 157 264 119 328 78 4 4 78 5 5 309 195 271 81 328 233 81 195 190 41 271 41 233 190 115 43 301 43 115 309 394 227 264 157 301 399 
158 302 364 120 228 158 265 120 329 79 5 5 79 6 6 310 196 272 82 329 234 82 196 153 42 272 42 234 153 116 44 302 44 116 310 397 228 265 
362 191 266 159 303 367 121 191 159 266 121 330 80 6 6 80 7 7 311 197 273 83 330 235 83 197 154 43 273 43 235 154 117 45 303 45 117 311 
46 118 312 365 192 229 160 304 370 122 192 160 229 122 331 81 7 7 81 8 8 312 198 274 84 331 236 84 198 155 44 274 44 236 155 118 46 304 
119 47 267 47 119 313 368 193 230 161 267 373 123 193 161 230 123 332 82 8 8 82 9 9 313 199 275 85 332 237 85 199 156 45 275 45 237 156 
46 238 157 120 48 268 48 120 314 371 194 231 162 268 376 124 194 162 231 124 333 83 9 9 83 10 10 314 200 276 86 333 238 86 200 157 46 276 
158 47 277 47 239 158 121 49 269 49 121 315 374 195 232 163 269 379 125 195 163 232 125 334 84 10 10 84 11 11 315 201 277 87 334 239 87 201 
240 88 202 159 48 278 48 240 159 122 50 270 50 122 316 377 196 233 164 270 382 126 196 164 233 126 335 85 11 11 85 12 12 316 202 278 88 335 
279 89 336 241 89 203 160 49 279 49 241 160 123 51 271 51 123 317 380 197 234 165 271 385 127 197 165 234 127 336 86 12 12 86 13 13 317 203 
14 318 204 280 90 337 242 90 204 161 50 280 50 242 161 124 52 272 52 124 318 383 198 235 166 272 388 128 198 166 235 128 337 87 13 13 87 14 
14 88 15 15 319 205 281 91 338 243 91 205 162 51 281 51 243 162 125 53 273 53 125 319 386 199 236 167 273 391 129 199 167 236 129 338 88 14 
339 89 15 15 89 16 16 320 206 282 92 339 244 92 206 163 52 282 52 244 163 126 54 274 54 126 320 389 200 237 168 274 394 130 200 168 237 130 
169 238 131 340 90 16 16 90 17 17 321 207 283 93 340 245 93 207 164 53 283 53 245 164 127 55 275 55 127 321 392 201 238 169 275 397 131 201 
362 132 202 170 239 132 341 91 17 17 91 18 18 322 208 284 94 341 246 94 208 165 54 284 54 246 165 128 56 276 56 128 322 395 202 239 170 276 
240 171 277 365 133 203 171 240 133 342 92 18 18 92 19 19 323 209 285 95 342 247 95 209 166 55 285 55 247 166 129 57 277 57 129 323 398 203 
305 363 204 241 172 278 368 134 204 172 241 134 343 93 19 19 93 20 20 305 210 286 96 343 248 96 210 167 56 286 56 248 167 130 58 278 58 130 
279 59 131 306 366 205 242 173 279 371 135 205 173 242 135 344 94 20 20 94 21 21 306 211 287 97 344 249 97 211 168 57 287 57 249 168 131 59 
169 132 60 280 60 132 307 369 206 243 174 280 374 136 206 174 243 136 345 95 21 21 95 22 22 307 212 288 98 345 250 98 212 169 58 288 58 250 
289 59 251 170 133 61 281 61 133 308 372 207 244 175 281 377 137 207 175 244 137 346 96 22 22 96 23 23 308 213 289 99 346 251 99 213 170 59 
214 171 60 290 60 252 171 134 62 282 62 134 309 375 208 245 176 282 380 138 208 176 245 138 347 97 23 23 97 24 24 309 214 290 100 347 252 100 
348 253 101 215 172 61 291 61 253 172 135 63 283 63 135 310 378 209 246 177 283 383 139 209 177 246 139 348 98 24 24 98 25 25 310 215 291 101 
216 292 102 349 254 102 216 173 62 292 62 254 173 136 64 284 64 136 311 381 210 247 178 284 386 140 210 178 247 140 349 99 25 25 99 26 26 311 
27 27 312 217 293 103 350 255 103 217 174 63 293 63 255 174 137 65 285 65 137 312 384 211 248 179 285 389 141 211 179 248 141 350 100 26 26 100 
27 27 101 28 28 313 218 294 104 351 256 104 218 175 64 294 64 256 175 138 66 286 66 138 313 387 212 249 180 286 392 142 212 180 249 142 351 101 
143 352 102 28 28 102 29 29 314 219 295 105 352 257 105 219 176 65 295 65 257 176 139 67 287 67 139 314 390 213 250 181 287 395 143 213 181 250 
214 182 251 144 353 103 29 29 103 30 30 315 220 296 106 353 258 106 220 177 66 296 66 258 177 140 68 288 68 140 315 393 214 251 182 288 398 144 
289 363 145 215 183 252 145 354 104 30 30 104 31 31 316 221 297 107 354 259 107 221 178 67 297 67 259 178 141 69 289 69 141 316 396 215 252 183 
216 253 184 290 366 146 216 184 253 146 355 105 31 31 105 32 32 317 222 298 108 355 260 108 222 179 68 298 68 260 179 142 70 290 70 142 317 399 
143 318 364 217 254 185 291 369 147 217 185 254 147 356 106 32 32 106 33 33 318 223 299 109 356 261 109 223 180 69 299 69 261 180 143 71 291 71 
72 292 72 144 319 367 218 255 186 292 372 148 218 186 255 148 357 107 33 33 107 34 34 319 224 300 110 357 262 110 224 181 70 300 70 262 181 144 
263 182 145 73 293 73 145 320 370 219 256 187 293 375 149 219 187 256 149 358 108 34 34 108 35 35 320 225 301 111 358 263 111 225 182 71 301 71 
72 302 72 264 183 146 74 294 74 146 321 373 220 257 188 294 378 150 220 188 257 150 359 109 35 35 109 36 36 321 226 302 112 359 264 112 226 183 
113 227 184 73 303 73 265 184 147 75 295 75 147 322 376 221 258 189 295 381 151 221 189 258 151 360 110 36 36 110 37 37 322 227 303 113 360 265 
114 361 266 114 228 185 74 304 74 266 185 148 76 296 76 148 323 379 222 259 190 296 384 152 222 190 259 152 361 111 37 37 111 38 38 323 228 304 

The value of m is: 38
The value of p is: 3
The side lengths of 2 * 2 tiles are: {1, 2, 3, 4, 5, 6, 7, 8, 19}
The value of arr is: {14, 2, 32, 17, 1, 25, 3, 8}
The column indices of 1 * 2 tiles are: {3i+18, 3i+28} for 0<=i<=m-1.
305 153 39 229 39 149 153 223 267 149 229 38 38 223 1 1 267 115 324 305 260 115 297 112 186 191 112 260 324 186 297 191 77 395 75 77 75 399 
78 76 364 306 154 40 230 40 150 154 224 268 150 230 1 1 224 2 2 268 116 325 306 261 116 298 113 187 192 113 261 325 187 298 192 78 398 76 
79 363 39 79 39 367 307 155 41 231 41 151 155 225 269 151 231 2 2 225 3 3 269 117 326 307 262 117 299 114 188 193 114 262 326 188 299 193 
189 300 194 80 366 40 80 40 370 308 156 42 232 42 152 156 226 270 152 232 3 3 226 4 4 270 118 327 308 263 118 300 77 189 194 77 263 327 
78 264 328 190 301 195 81 369 41 81 41 373 309 157 43 233 43 115 157 227 271 115 233 4 4 227 5 5 271 119 328 309 264 119 301 78 190 195 
79 153 196 79 265 329 153 302 196 82 372 42 82 42 376 310 158 44 234 44 116 158 228 272 116 234 5 5 228 6 6 272 120 329 310 265 120 302 
266 121 303 80 154 197 80 266 330 154 303 197 83 375 43 83 43 379 311 159 45 235 45 117 159 191 273 117 235 6 6 191 7 7 273 121 330 311 
122 331 312 229 122 304 81 155 198 81 229 331 155 304 198 84 378 44 84 44 382 312 160 46 236 46 118 160 192 274 118 236 7 7 192 8 8 274 
9 9 275 123 332 313 230 123 267 82 156 199 82 230 332 156 267 199 85 381 45 85 45 385 313 161 47 237 47 119 161 193 275 119 237 8 8 193 
9 9 194 10 10 276 124 333 314 231 124 268 83 157 200 83 231 333 157 268 200 86 384 46 86 46 388 314 162 48 238 48 120 162 194 276 120 238 
277 121 239 10 10 195 11 11 277 125 334 315 232 125 269 84 158 201 84 232 334 158 269 201 87 387 47 87 47 391 315 163 49 239 49 121 163 195 
122 164 196 278 122 240 11 11 196 12 12 278 126 335 316 233 126 270 85 159 202 85 233 335 159 270 202 88 390 48 88 48 394 316 164 50 240 50 
51 241 51 123 165 197 279 123 241 12 12 197 13 13 279 127 336 317 234 127 271 86 160 203 86 234 336 160 271 203 89 393 49 89 49 397 317 165 
362 318 166 52 242 52 124 166 198 280 124 242 13 13 198 14 14 280 128 337 318 235 128 272 87 161 204 87 235 337 161 272 204 90 396 50 90 50 
51 91 51 365 319 167 53 243 53 125 167 199 281 125 243 14 14 199 15 15 281 129 338 319 236 129 273 88 162 205 88 236 338 162 273 205 91 399 
206 92 364 52 92 52 368 320 168 54 244 54 126 168 200 282 126 244 15 15 200 16 16 282 130 339 320 237 130 274 89 163 206 89 237 339 163 274 
340 164 275 207 93 367 53 93 53 371 321 169 55 245 55 127 169 201 283 127 245 16 16 201 17 17 283 131 340 321 238 131 275 90 164 207 90 238 
208 91 239 341 165 276 208 94 370 54 94 54 374 322 170 56 246 56 128 170 202 284 128 246 17 17 202 18 18 284 132 341 322 239 132 276 91 165 
277 92 166 209 92 240 342 166 277 209 95 373 55 95 55 377 323 171 57 247 57 129 171 203 285 129 247 18 18 203 19 19 285 133 342 323 240 133 
305 241 134 278 93 167 210 93 241 343 167 278 210 96 376 56 96 56 380 305 172 58 248 58 130 172 204 286 130 248 19 19 204 20 20 286 134 343 
287 135 344 306 242 135 279 94 168 211 94 242 344 168 279 211 97 379 57 97 57 383 306 173 59 249 59 131 173 205 287 131 249 20 20 205 21 21 
206 22 22 288 136 345 307 243 136 280 95 169 212 95 243 345 169 280 212 98 382 58 98 58 386 307 174 60 250 60 132 174 206 288 132 250 21 21 
251 22 22 207 23 23 289 137 346 308 244 137 281 96 170 213 96 244 346 170 281 213 99 385 59 99 59 389 308 175 61 251 61 133 175 207 289 133 
208 290 134 252 23 23 208 24 24 290 138 347 309 245 138 282 97 171 214 97 245 347 171 282 214 100 388 60 100 60 392 309 176 62 252 62 134 176 
63 135 177 209 291 135 253 24 24 209 25 25 291 139 348 310 246 139 283 98 172 215 98 246 348 172 283 215 101 391 61 101 61 395 310 177 63 253 
178 64 254 64 136 178 210 292 136 254 25 25 210 26 26 292 140 349 311 247 140 284 99 173 216 99 247 349 173 284 216 102 394 62 102 62 398 311 
63 363 312 179 65 255 65 137 179 211 293 137 255 26 26 211 27 27 293 141 350 312 248 141 285 100 174 217 100 248 350 174 285 217 103 397 63 103 
362 64 104 64 366 313 180 66 256 66 138 180 212 294 138 256 27 27 212 28 28 294 142 351 313 249 142 286 101 175 218 101 249 351 175 286 218 104 
287 219 105 365 65 105 65 369 314 181 67 257 67 139 181 213 295 139 257 28 28 213 29 29 295 143 352 314 250 143 287 102 176 219 102 250 352 176 
251 353 177 288 220 106 368 66 106 66 372 315 182 68 258 68 140 182 214 296 140 258 29 29 214 30 30 296 144 353 315 251 144 288 103 177 220 103 
178 221 104 252 354 178 289 221 107 371 67 107 67 375 316 183 69 259 69 141 183 215 297 141 259 30 30 215 31 31 297 145 354 316 252 145 289 104 
146 290 105 179 222 105 253 355 179 290 222 108 374 68 108 68 378 317 184 70 260 70 142 184 216 298 142 260 31 31 216 32 32 298 146 355 317 253 
356 318 254 147 291 106 180 223 106 254 356 180 291 223 109 377 69 109 69 381 318 185 71 261 71 143 185 217 299 143 261 32 32 217 33 33 299 147 
34 300 148 357 319 255 148 292 107 181 224 107 255 357 181 292 224 110 380 70 110 70 384 319 186 72 262 72 144 186 218 300 144 262 33 33 218 34 
34 219 35 35 301 149 358 320 256 149 293 108 182 225 108 256 358 182 293 225 111 383 71 111 71 387 320 187 73 263 73 145 187 219 301 145 263 34 
146 264 35 35 220 36 36 302 150 359 321 257 150 294 109 183 226 109 257 359 183 294 226 112 386 72 112 72 390 321 188 74 264 74 146 188 220 302 
189 221 303 147 265 36 36 221 37 37 303 151 360 322 258 151 295 110 184 227 110 258 360 184 295 227 113 389 73 113 73 393 322 189 75 265 75 147 
266 76 148 190 222 304 148 266 37 37 222 38 38 304 152 361 323 259 152 296 111 185 228 111 259 361 185 296 228 114 392 74 114 74 396 323 190 76 

